B 20 0.015000 50000 5 1 2 3 4 5
0.299736 0.297259 0.302213
59.485681 41.113791 77.857570
n1 0.014936 0.014530 0.015342 12.782592 -2.969829 28.535014 0.001337 0.000000 0.000000 0.000000 0.000000
n2 0.014924 0.014322 0.015526 11.885714 -7.182196 30.953625 0.000000 0.000000 0.000000 0.000000 0.000000
n3 0.014804 0.014024 0.015584 8.325534 -4.286623 20.937690 0.000000 0.000000 0.000000 0.000000 0.000000
n4 0.014868 0.014144 0.015592 8.824159 -0.356882 18.005200 0.007082 0.000000 0.000000 0.000000 0.000000
n5 0.015024 0.014590 0.015458 20.699947 -16.893659 58.293553 0.000000 0.000000 0.000000 0.000000 0.000000
n6 0.015260 0.014371 0.016149 31.755701 -12.574248 76.085651 0.000000 0.000000 0.000000 0.000000 0.000000
n7 0.015132 0.014347 0.015917 7.603172 -2.659143 17.865487 0.000000 0.000000 0.000000 0.000000 0.000000
n8 0.014412 0.013701 0.015123 10.629475 -5.316310 26.575261 0.000000 0.000000 0.000000 0.000000 0.000000
n9 0.015156 0.014549 0.015763 8.794352 0.702980 16.885724 0.000000 0.000000 0.000000 0.000000 0.000000
n10 0.014816 0.014088 0.015544 5.040551 2.798090 7.283012 0.000000 0.000000 0.000000 0.000000 0.000000
n11 0.015188 0.014562 0.015814 14.150645 -10.831812 39.133102 0.000000 0.000000 0.000000 0.000000 0.000000
n12 0.015220 0.014415 0.016025 15.515953 4.315091 26.716815 0.035944 0.000000 0.000000 0.000000 0.000000
n13 0.015424 0.014767 0.016081 12.898029 -11.023520 36.819578 0.007772 0.000000 0.000000 0.000000 0.000000
n14 0.014672 0.014186 0.015158 8.201963 2.988301 13.415625 0.000000 0.000000 0.000000 0.000000 0.000000
n15 0.015096 0.014310 0.015882 9.503074 -3.563498 22.569645 0.000000 0.000000 0.000000 0.000000 0.000000
n16 0.015120 0.014224 0.016016 3.694233 0.925223 6.463243 0.000000 0.000000 0.000000 0.000000 0.000000
n17 0.015016 0.014655 0.015377 4.819339 2.459447 7.179232 0.000000 0.000000 0.000000 0.000000 0.000000
n18 0.014744 0.014392 0.015096 15.390016 -5.380153 36.160186 0.000000 0.000000 0.033592 0.000000 0.000000
n19 0.015044 0.014474 0.015614 16.685243 -2.208720 35.579206 0.000000 0.000000 0.000000 0.000000 0.000000
n20 0.014880 0.014442 0.015318 10.180914 -1.676087 22.037915 0.000000 0.000000 0.000000 0.000000 0.000000
