0.000 nan nan nan
0.001 1.371462 1.170066 1.572859
0.002 1.793723 1.651493 1.935953
0.003 2.224727 1.973054 2.476399
0.004 2.801234 2.583837 3.018632
0.005 3.391603 3.171003 3.612204
0.006 4.136049 3.888440 4.383658
0.007 4.958878 4.839886 5.077871
0.008 6.012967 5.718466 6.307468
0.009 6.926505 6.497939 7.355071
0.010 8.157187 7.642959 8.671415
0.011 9.526349 9.091719 9.960979
0.012 11.622985 11.267991 11.977979
0.013 13.639462 12.704622 14.574303
0.014 16.977388 15.961424 17.993352
0.015 21.178810 19.615397 22.742222
