0.000 nan nan nan
0.001 1.212943 1.108631 1.317254
0.002 1.382446 1.298612 1.466280
0.003 1.697127 1.587760 1.806494
0.004 1.957286 1.853495 2.061077
0.005 2.219957 2.028071 2.411843
0.006 2.666110 2.551555 2.780665
0.007 3.011410 2.903949 3.118872
0.008 3.449149 3.251351 3.646948
0.009 4.009199 3.822581 4.195818
0.010 4.567949 4.349415 4.786482
0.011 5.283051 5.070393 5.495709
0.012 6.260901 6.056306 6.465497
0.013 7.185339 6.802986 7.567691
0.014 8.765062 8.179583 9.350541
0.015 10.855311 9.823437 11.887186
