0.000 0.000000 0.000000 0.000000
0.001 0.020208 0.019767 0.020649
0.002 0.040556 0.039670 0.041442
0.003 0.060008 0.059700 0.060316
0.004 0.080344 0.079446 0.081242
0.005 0.100084 0.098603 0.101565
0.006 0.119744 0.118428 0.121060
0.007 0.139828 0.138378 0.141278
0.008 0.159824 0.157968 0.161680
0.009 0.180048 0.177840 0.182256
0.010 0.200052 0.197350 0.202754
0.011 0.220304 0.217806 0.222802
0.012 0.240036 0.237099 0.242973
0.013 0.259720 0.257269 0.262171
0.014 0.279948 0.277220 0.282676
0.015 0.299920 0.297140 0.302700
0.016 0.320292 0.317623 0.322961
0.017 0.340072 0.337272 0.342872
0.018 0.359932 0.357652 0.362212
0.019 0.379800 0.377666 0.381934
0.020 0.399892 0.397145 0.402639
