0.000 nan nan nan
0.001 1.064318 1.033209 1.095427
0.002 1.158844 1.126983 1.190706
0.003 1.221978 1.202051 1.241904
0.004 1.341183 1.276902 1.405464
0.005 1.501239 1.454612 1.547866
0.006 1.713384 1.642591 1.784177
0.007 2.107834 1.430271 2.785398
0.008 2.223126 2.079727 2.366525
0.009 2.818287 2.213646 3.422927
0.010 3.670850 3.086881 4.254819
0.011 4.734104 3.873636 5.594573
0.012 5.698610 4.625783 6.771438
0.013 14.802040 11.707188 17.896893
0.014 28.983583 7.531018 50.436148
0.015 59.485681 41.113791 77.857570
0.016 182.768960 112.022980 253.514940
0.017 302.098277 217.736113 386.460441
0.018 468.090623 332.118255 604.062992
0.019 642.137403 568.327472 715.947335
0.020 847.003633 781.491829 912.515437
