0.000 0.000000 0.000000 0.000000
0.001 0.020212 0.019763 0.020661
0.002 0.040568 0.039680 0.041456
0.003 0.060024 0.059736 0.060312
0.004 0.080344 0.079426 0.081262
0.005 0.100088 0.098624 0.101552
0.006 0.119756 0.118501 0.121011
0.007 0.139844 0.138486 0.141202
0.008 0.159856 0.158102 0.161610
0.009 0.180108 0.177929 0.182287
0.010 0.200164 0.197403 0.202925
0.011 0.220312 0.217608 0.223016
0.012 0.240048 0.236931 0.243165
0.013 0.259952 0.257421 0.262483
0.014 0.279952 0.277022 0.282882
0.015 0.299736 0.297259 0.302213
0.016 0.319044 0.315832 0.322256
0.017 0.337332 0.334086 0.340578
0.018 0.355008 0.352420 0.357596
0.019 0.374256 0.371420 0.377092
0.020 0.389760 0.386575 0.392945
