0.000 0.000000 0.000000 0.000000
0.001 0.020212 0.019763 0.020661
0.002 0.040560 0.039668 0.041452
0.003 0.060012 0.059713 0.060311
0.004 0.080348 0.079454 0.081242
0.005 0.100056 0.098570 0.101542
0.006 0.119752 0.118501 0.121003
0.007 0.139876 0.138492 0.141260
0.008 0.159840 0.157976 0.161704
0.009 0.180016 0.177860 0.182172
0.010 0.200180 0.197526 0.202834
0.011 0.220384 0.217871 0.222897
0.012 0.240060 0.236996 0.243124
0.013 0.259784 0.257264 0.262304
0.014 0.279972 0.276825 0.283119
0.015 0.299844 0.296771 0.302917
0.016 0.320388 0.317884 0.322892
0.017 0.302832 0.254287 0.351377
0.018 0.260988 0.252502 0.269474
0.019 0.259348 0.246940 0.271756
0.020 0.252212 0.250660 0.253764
