0.000 0.000000 0.000000 0.000000
0.001 0.020212 0.019763 0.020661
0.002 0.040528 0.039660 0.041396
0.003 0.059984 0.059688 0.060280
0.004 0.080376 0.079467 0.081285
0.005 0.100040 0.098517 0.101563
0.006 0.119692 0.118331 0.121053
0.007 0.139780 0.138575 0.140985
0.008 0.159484 0.157726 0.161242
0.009 0.179604 0.177707 0.181501
0.010 0.199660 0.197135 0.202185
0.011 0.220044 0.217580 0.222508
0.012 0.239248 0.236741 0.241755
0.013 0.259568 0.257074 0.262062
0.014 0.279144 0.277399 0.280889
0.015 0.299648 0.297512 0.301784
0.016 0.319504 0.317876 0.321132
0.017 0.337340 0.334992 0.339688
0.018 0.357344 0.355103 0.359585
0.019 0.377300 0.374195 0.380405
0.020 0.382892 0.380295 0.385489
