0.000 nan nan nan
0.001 10.491489 10.196542 10.786435
0.002 10.757668 10.581646 10.933691
0.003 11.030529 10.936627 11.124432
0.004 11.306333 11.252449 11.360216
0.005 11.510811 11.412495 11.609127
0.006 11.746392 11.609217 11.883567
0.007 11.989015 11.823898 12.154133
0.008 12.233282 12.051898 12.414665
0.009 12.513196 12.331457 12.694936
0.010 12.805351 12.636443 12.974258
0.011 13.103657 12.926794 13.280520
0.012 13.417054 13.249357 13.584751
0.013 13.707316 13.523567 13.891064
0.014 14.054210 13.913535 14.194885
0.015 14.467765 14.325300 14.610230
0.016 14.850899 14.717451 14.984346
0.017 15.248218 15.115362 15.381074
0.018 15.702566 15.602876 15.802257
0.019 16.190922 16.051688 16.330155
0.020 16.660418 16.487618 16.833219
